STARLINK-2077.txt: 2021-Jul-16 05:45:10.500 At  15 28 26.31 +08 53 52.7 6683236.  -2.880E6 215.9961  45.1650 -120470.   -589.25 17 08 39.3692 0.00000500673935   0.0202534 110.8443 /T  69.1549
STARLINK-1307.txt: 2021-Jul-16 05:49:11.500 At  18 06 18.99 +27 41 17.0 8413461.  3503750. 148.2382  66.6574 -151155.  -1222.15 17 12 41.0289 0.00000398969450   0.0299214 125.7693 /T  54.2304
STARLINK-2030.txt: 2021-Jul-16 05:53:19.500 At  16 32 17.26 +31 06 38.9 8585410.  -3.675E6 209.3848  70.6811 -154913.  -2665.01 17 16 49.7080 0.00000389238070   0.0330494 110.5578 /T  69.4415
STARLINK-1392.txt: 2021-Jul-16 05:57:28.500 At  15 52 24.66 +13 22 50.4 7200915.  -3.037E6 214.7077  50.4130 -129445.   -491.26 17 20 59.3897 0.00000465949321   0.0110461 113.8167 /T  66.1825
STARLINK-1733.txt: 2021-Jul-16 06:02:49.000 At  19 04 49.13 +09 36 03.0 6757918.  2886091. 143.4392  45.8739 -121654.   -637.08 17 26 20.7671 0.00000495764787   0.0414829 147.7146 /T  32.2854
STARLINK-1746.txt: 2021-Jul-16 06:08:15.500 At  19 01 01.93 +12 50 15.8 7140738.  3005640. 144.6354  49.7451 -128314.   -395.64 17 31 48.1610 0.00000470041880   0.0255756 144.3468 /T  35.6532
STARLINK-1747.txt: 2021-Jul-16 06:13:46.500 At  18 57 30.34 +16 29 47.3 7523728.  3128812. 145.5902  53.9708 -135006.   -612.70 17 37 20.0673 0.00000446732857   0.0296328 140.5959 /T  39.4041
STARLINK-1753.txt: 2021-Jul-16 06:19:21.000 At  18 53 10.32 +20 27 13.7 7889866.  3266957. 146.7360  58.5329 -141543.   -481.53 17 42 55.4831 0.00000426100625   0.0213339 136.5094 /T  43.4906
STARLINK-1732.txt: 2021-Jul-16 06:24:51.500 At  18 49 13.25 +24 41 16.8 8220767.  3400268. 147.5039  63.2860 -147508.  -1208.37 17 48 26.8879 0.00000408846941   0.0342446 132.1911 /T  47.8089
STARLINK-1728.txt: 2021-Jul-16 06:28:55.500 At  18 45 17.69 +27 54 54.4 8430141.  3517429. 148.4363  66.9589 -151504.   -906.66 17 52 31.5560 0.00000398064086   0.0235114 128.8472 /T  51.1527
STARLINK-1345.txt: 2021-Jul-16 06:33:13.000 At  16 34 16.00 +15 47 58.9 7459265.  -3.122E6 214.0695  53.2220 -133971.   -417.54 17 56 49.7610 0.00000450225520   0.0061931 120.8251 /T  59.1740
STARLINK-1650.txt: 2021-Jul-16 06:37:10.500 At  19 14 56.81 +19 08 24.0 7769918.  3210938. 146.0970  56.9738 -139329.  -1070.42 18 00 47.9112 0.00000432842609   0.0400579 138.9562 /T  41.0438
STARLINK-1355.txt: 2021-Jul-16 06:41:16.500 At  17 42 31.87 +40 37 24.5 8874448.  -4.011E6 207.9653  81.2098 -161685.   -751.66 18 04 54.5847 0.00000372997134  -0.0015308 112.0624 /T  67.9370
STARLINK-1358.txt: 2021-Jul-16 06:46:50.000 At  17 36 22.31 +35 52 02.6 8785605.  -3.834E6 208.9017  75.9315 -159086.  -1153.79 18 10 28.9978 0.00000379114267   0.0051871 115.4972 /T  64.5021
STARLINK-1363.txt: 2021-Jul-16 06:50:58.500 At  17 33 15.44 +32 20 47.1 8649777.  -3.727E6 208.9575  72.1046 -156247.  -3045.01 18 14 38.1782 0.00000385926522   0.0349645 118.0809 /T  61.9184
STARLINK-1300.txt: 2021-Jul-16 06:54:59.500 At  19 35 38.38 +17 45 39.1 7648878.  3173640. 145.9419  55.4499 -137224.   -619.29 18 18 39.8380 0.00000439515861   0.0279770 140.8464 /T  39.1538
STARLINK-2534.txt: 2021-Jul-16 06:59:15.000 At  18 05 04.99 +41 56 30.7 8877060.  -4.091E6 206.2278  82.7679 -162226.  -4711.03 18 22 56.0375 0.00000371614100   0.0185013 112.8332 /T  67.1662
STARLINK-1361.txt: 2021-Jul-16 07:03:25.500  t  17 20 32.59 +22 27 48.2 8055151.  -3.347E6 212.4149  60.8400 -144612.   -253.84 18 27 07.2233 0.00000417073651  -0.0015872 124.2131 /T  55.7860
STARLINK-2476.txt: 2021-Jul-16 07:07:22.000  t  19 59 51.14 +12 51 33.2 7146973.  3010674. 144.7582  49.8324 -128443.   -204.32 18 31 04.3709 0.00000469569975   0.0173586 145.5087 /L  34.4918
STARLINK-2565.txt: 2021-Jul-16 07:11:25.000  t  18 35 44.49 +48 04 10.5 8805768.  -4.400E6 154.9139  89.5243 -101786.  -127983. 18 35 08.0362 0.00000368811494   0.0373380 108.9896 /T  71.0099
STARLINK-1515.txt: 2021-Jul-16 07:15:37.000  t  18 29 50.97 +44 49 58.4 8869120.  -4.231E6 203.2604  86.0287 -162812.  -11239.1 18 39 20.7261 0.00000369557131   0.0253615 111.7795 /T  68.2200
STARLINK-1294.txt: 2021-Jul-16 07:19:55.000  t  17 09 30.11 +11 02 30.9 6944337.  -2.960E6 215.2557  47.7628 -124996.   -696.21 18 43 39.4325 0.00000482526777   0.0221450 130.4475 /T  49.5515
STARLINK-2481.txt: 2021-Jul-16 07:23:54.500  t  19 48 25.83 +24 42 02.3 8227258.  3401247. 147.4605  63.3221 -147614.  -1331.09 18 47 39.5882 0.00000408565251   0.0368649 133.9182 /L  46.0821
STARLINK-1529.txt: 2021-Jul-16 07:28:02.000  t  18 13 43.49 +34 24 40.8 8732699.  -3.766E6 209.5695  74.2926 -157821.   -260.20 18 51 47.7658 0.00000382129903  -0.0036684 120.3929 /T  59.6064
STARLINK-2519.txt: 2021-Jul-16 07:32:14.000  t  17 33 50.81 +15 42 49.3 7458853.  -3.127E6 213.8857  53.2065 -133992.   -770.95 18 56 00.4558 0.00000450158921   0.0186263 131.3605 /T  48.6385
STARLINK-1697.txt: 2021-Jul-16 07:36:12.500  t  20 14 20.69 +19 04 54.5 7766530.  3208168. 146.0311  56.9246 -139258.  -1180.81 18 59 59.6087 0.00000433058219   0.0435286 138.8090 /L  41.1914
STARLINK-1700.txt: 2021-Jul-16 07:40:18.500  t  20 10 10.14 +22 00 37.8 8023286.  3326200. 147.2869  60.3775 -143985.   -196.34 19 04 06.2822 0.00000418878313   0.0123063 136.1050 /L  43.8954
STARLINK-2530.txt: 2021-Jul-16 07:43:19.500  t  17 26 41.52 +08 48 58.9 6685768.  -2.880E6 216.0542  45.1186 -120506.   -496.67 19 07 07.7778 0.00000500566850   0.0152671 135.0774 /T  44.9215
STARLINK-1663.txt: 2021-Jul-16 07:47:15.500  t  20 05 09.14 +27 32 00.2 8412245.  3497455. 148.0875  66.5253 -151093.  -1527.12 19 11 04.4239 0.00000399140983   0.0356690 130.8018 /L  49.1985
STARLINK-2509.txt: 2021-Jul-16 07:51:23.000  t  18 29 42.55 +31 21 08.1 8622201.  -3.656E6 210.3202  70.8771 -155377.    -85.19 19 15 12.6016 0.00000388186972  -0.0057327 124.4937 /T  55.5056
STARLINK-1549.txt: 2021-Jul-16 07:55:38.000  t  17 51 22.27 +13 20 05.0 7204366.  -3.042E6 214.5496  50.4677 -129530.   -762.94 19 19 28.2997 0.00000465636632   0.0214760 135.8978 /T  44.1012
STARLINK-1021.txt: 2021-Jul-16 08:00:54.500  t  21 03 16.51 +09 29 00.4 6751589.  2885438. 143.4572  45.8075 -121553.   -571.90 19 24 45.6662 0.00000496183750   0.0380046 143.3179 /L  36.6829
STARLINK-1019.txt: 2021-Jul-16 08:06:25.500  t  20 59 30.87 +12 46 49.3 7137098.  3004754. 144.6324  49.7383 -128253.   -388.18 19 30 17.5724 0.00000470252790   0.0251731 140.9655 /L  39.0352
STARLINK-1012.txt: 2021-Jul-16 08:11:54.000  t  20 55 40.42 +16 21 13.5 7519276.  3132206. 145.7428  53.9103 -134960.   -282.21 19 35 46.9718 0.00000446902132   0.0177120 138.2331 /L  41.7676
STARLINK-1026.txt: 2021-Jul-16 08:17:24.500  t  20 51 46.64 +20 17 14.8 7881025.  3263330. 146.7107  58.4038 -141384.   -475.92 19 41 18.3767 0.00000426583975   0.0208697 135.0427 /L  44.9578
STARLINK-1013.txt: 2021-Jul-16 08:22:54.500  t  20 47 23.89 +24 29 11.2 8209899.  3402972. 147.7005  63.1619 -147361.   -683.11 19 46 49.2802 0.00000409264007   0.0221547 131.5188 /L  48.4817
STARLINK-1009.txt: 2021-Jul-16 08:28:28.000  t  20 42 08.85 +28 54 50.0 8491430.  3563432. 148.9317  68.1818 -152752.   -328.15 19 52 23.6933 0.00000394823653   0.0121507 127.7157 /L  52.2846
STARLINK-1543.txt: 2021-Jul-16 08:33:55.500  t  19 49 30.76 +45 06 48.8 8861378.  -4.251E6 202.0420  86.4012 -162591.  -14455.8 19 57 52.0899 0.00000369475424   0.0307844 113.5185 /L  66.4810
STARLINK-1029.txt: 2021-Jul-16 08:37:51.500  t  18 27 51.09 +11 23 52.9 6949911.  -2.942E6 215.4216  48.1458 -124966.    -93.44 20 01 48.7360 0.00000482493267  -0.0057643 142.4787 /T  37.5203
STARLINK-1498.txt: 2021-Jul-16 08:42:04.500  t  21 41 52.96 +10 30 13.8 6877640.  2921151. 143.7324  47.0167 -123720.   -689.57 20 06 02.4287 0.00000487499148   0.0419178 136.7101 /L  43.2907
STARLINK-1505.txt: 2021-Jul-16 08:47:35.500  t  21 37 47.15 +13 51 49.9 7264962.  3046446. 145.0111  51.0329 -130490.   -320.98 20 11 34.3349 0.00000462224425   0.0210740 134.8287 /L  45.1719
STARLINK-2068.txt: 2021-Jul-16 08:51:42.500  t  21 34 56.49 +16 40 44.2 7558937.  3143472. 145.7574  54.2812 -135644.   -446.22 20 15 42.0112 0.00000444681097   0.0234641 133.0381 /L  46.9625
STARLINK-1561.txt: 2021-Jul-16 08:55:55.000  t  19 24 09.88 +26 48 08.4 8362112.  -3.503E6 211.1314  65.8448 -150361.   -735.40 20 19 55.2025 0.00000401097401   0.0062559 131.6471 /T  48.3523
STARLINK-2158.txt: 2021-Jul-16 08:59:55.500  t  22 01 50.81 +09 23 15.3 6752723.  2890686. 143.6941  45.7944 -121606.   -190.93 20 23 56.3610 0.00000495999848   0.0191354 134.0202 /L  45.9805
STARLINK-1482.txt: 2021-Jul-16 09:04:09.000  t  21 26 05.66 +26 00 39.1 8319072.  3440437. 147.5777  64.8107 -149280.  -1844.43 20 28 10.5550 0.00000403979343   0.0450820 126.4006 /L  53.5999
STARLINK-1576.txt: 2021-Jul-16 09:09:33.500  t  20 32 40.24 +48 16 44.6 8823147.  -4.351E6 192.5913  89.8269 -158712.  -38972.0 20 33 35.9434 0.00000369017864  -0.0015202 109.4770 /L  70.5227
STARLINK-1580.txt: 2021-Jul-16 09:13:40.500  t  20 28 19.59 +44 47 47.7 8859425.  -4.230E6 202.9123  86.0572 -162593.  -12181.2 20 37 43.6197 0.00000369866774   0.0277719 113.0394 /L  66.9603
STARLINK-1572.txt: 2021-Jul-16 09:18:03.500  t  19 07 05.18 +11 05 51.2 6948512.  -2.952E6 215.6170  47.7847 -125014.    -64.42 20 42 07.3397 0.00000482459180  -0.0072750 146.4091 /T  33.5900
STARLINK-2688.txt: 2021-Jul-16 09:21:33.000  t  19 39 17.88 +22 26 14.5 7927503.  -3.305E6 212.3304  60.9034 -142375.   -535.29 20 45 37.4134 0.00000423335191   0.0054549 136.2120 /T  43.7874
STARLINK-1037.txt: 2021-Jul-16 09:24:57.500  t  21 53 23.21 +23 00 29.2 8194211.  3358881. 147.1906  61.4798 -146824.  -1422.69 20 49 02.4732 0.00000410908163   0.0409402 125.3948 /L  54.6057
STARLINK-1068.txt: 2021-Jul-16 09:28:48.000  t  22 15 59.81 +15 03 10.2 7389041.  3087666. 145.3699  52.4296 -132667.   -298.92 20 52 53.6043 0.00000454627146   0.0192147 127.6536 /L  52.3470
STARLINK-2275.txt: 2021-Jul-16 09:32:52.500  t  20 47 55.52 +45 22 30.4 8877999.  -4.227E6 205.5236  86.6229 -163252.  -4416.88 20 56 58.7737 0.00000369302411   0.0044758 111.6474 /L  68.3524
STARLINK-2734.txt: 2021-Jul-16 09:36:38.500  t  19 28 12.27 +11 44 26.2 6999323.  -2.972E6 215.1610  48.6238 -125920.   -501.29 21 00 45.3925 0.00000478916528   0.0121372 146.7288 /T  33.2704
STARLINK-1060.txt: 2021-Jul-16 09:39:46.500 At  22 07 49.16 +22 57 10.8 8100599.  3355833. 147.4165  61.4694 -145369.   -460.19 21 03 53.9072 0.00000414886294   0.0184014 123.3223 /L  56.6782
STARLINK-2217.txt: 2021-Jul-16 09:43:58.500 At  20 34 54.79 +36 06 38.4 8797260.  -3.844E6 208.6757  76.3108 -159334.  -1442.51 21 08 06.5972 0.00000378513797   0.0079283 121.2340 /L  58.7657
STARLINK-1052.txt: 2021-Jul-16 09:47:16.000 At  21 53 15.07 +32 34 56.4 8721313.  3669515. 149.1881  72.2408 -156981.  -2315.15 21 11 24.6378 0.00000384198256   0.0377487 117.7020 /L  62.2983
STARLINK-1298.txt: 2021-Jul-16 09:50:48.500 At  21 10 23.24 +46 41 00.8 8837376.  -4.303E6 200.4232  88.1362 -162266.  -18008.3 21 14 57.7196 0.00000369373545   0.0173798 109.1474 /L  70.8524
STARLINK-2063.txt: 2021-Jul-16 09:54:59.500 At  20 23 29.08 +26 28 37.0 8354980.  -3.518E6 210.7967  65.5781 -150337.  -1776.67 21 19 09.4069 0.00000401192449   0.0278022 131.1723 /L  48.8274
STARLINK-1830.txt: 2021-Jul-16 09:58:58.500 At  23 01 06.21 +09 16 49.8 6737954.  2887190. 143.7291  45.7008 -121357.    -88.01 21 23 09.0612 0.00000496992115   0.0138760 122.4839 /L  57.5166
STARLINK-2181.txt: 2021-Jul-16 10:03:04.500 At  22 59 10.37 +11 47 47.0 7028830.  2968553. 144.2698  48.5991 -126352.   -514.05 21 27 15.7347 0.00000477322270   0.0314015 121.4917 /L  58.5087
STARLINK-2139.txt: 2021-Jul-16 10:06:14.000 At  20 13 57.94 +18 07 18.0 7695252.  -3.209E6 213.3567  56.0251 -138164.   -553.99 21 30 25.7536 0.00000436569386   0.0088598 139.8045 /L  40.1951
STARLINK-1464.txt: 2021-Jul-16 10:10:00.000 At  22 54 30.14 +16 16 48.5 7513414.  3127001. 145.5988  53.8282 -134836.   -521.34 21 34 12.3723 0.00000447311516   0.0263262 119.7956 /L  60.2049
STARLINK-2221.txt: 2021-Jul-16 10:14:10.000 At  21 25 50.89 +43 30 56.7 8871973.  -4.188E6 203.5142  84.6848 -162535.  -11265.4 21 38 23.0568 0.00000370177108   0.0362469 110.9607 /L  69.0391
STARLINK-2190.txt: 2021-Jul-16 10:17:15.500 At  20 06 09.66 +10 59 26.6 6938048.  -2.949E6 215.6636  47.6850 -124829.    -29.06 21 41 29.0647 0.00000483190755  -0.0085370 147.1644 /L  32.8352
STARLINK-1826.txt: 2021-Jul-16 10:20:59.500 At  22 45 31.91 +24 24 59.5 8206524.  3407159. 147.8200  63.1440 -147337.   -372.90 21 45 13.6779 0.00000409334028   0.0153928 116.2332 /L  63.7672
STARLINK-2252.txt: 2021-Jul-16 10:25:16.500 At  21 12 44.06 +34 10 07.6 8722991.  -3.799E6 208.3603  74.2532 -157851.  -3493.31 21 49 31.3816 0.00000381986794   0.0342150 120.5117 /L  59.4881
STARLINK-1263.txt: 2021-Jul-16 10:29:23.500 At  20 31 28.74 +15 50 36.2 7471309.  -3.126E6 214.0178  53.4063 -134183.   -433.83 21 53 39.0578 0.00000449489072   0.0058543 140.9493 /L  39.0504
STARLINK-1773.txt: 2021-Jul-16 10:33:21.500 At  23 11 08.71 +19 01 00.0 7730219.  3206702. 146.3386  56.9786 -138694.   -489.81 21 57 37.7094 0.00000434673424   0.0235179 114.9956 /L  65.0047
STARLINK-1312.txt: 2021-Jul-16 10:37:29.000 At  21 39 55.49 +40 40 17.8 8875033.  -4.025E6 207.5624  81.4020 -161784.  -1760.45 22 01 45.8870 0.00000372754107   0.0037264 112.2789 /L  67.7209
STARLINK-2249.txt: 2021-Jul-16 10:41:40.500 At  20 56 12.20 +21 04 56.1 7965501.  -3.306E6 212.7714  59.3792 -142960.   -143.53 22 05 58.0756 0.00000421933520  -0.0045053 133.9533 /L  46.0465
STARLINK-1042.txt: 2021-Jul-16 10:45:41.500 At  23 36 13.19 +13 46 14.6 7254645.  3044660. 145.0352  50.9613 -130320.   -230.50 22 09 59.7354 0.00000462813588   0.0175275 112.8393 /L  67.1610
STARLINK-1784.txt: 2021-Jul-16 10:49:54.500 At  22 57 30.66 +31 56 16.8 8650350.  3655214. 149.0598  71.5335 -155800.  -1832.53 22 14 13.4281 0.00000387077866   0.0323721 109.2447 /L  70.7555
STARLINK-2195.txt: 2021-Jul-16 10:53:10.000 At  22 51 39.83 +35 54 22.5 8585115.  3706662. 149.4319  75.9273 -155151.  -3120.17 22 17 29.4634 0.00000388212255   0.0390493 107.4124 /L  72.5878
